0 0.5133333333333333 0.29333333333333333 0.08444444444444445 0.08
0 0.5888888888888889 0.21666666666666667 0.04888888888888889 0.05333333333333334
0 0.5788888888888889 0.42333333333333334 0.07333333333333333 0.1
0 0.47444444444444445 0.5633333333333334 0.1 0.05333333333333334
0 0.49777777777777776 0.5183333333333333 0.07111111111111111 0.03
0 0.7388888888888889 0.6233333333333333 0.05555555555555555 0.11333333333333333
0 0.7766666666666666 0.785 0.08666666666666667 0.15
0 0.7 0.4216666666666667 0.044444444444444446 0.07
0 0.6666666666666666 0.29 0.057777777777777775 0.08
0 0.47555555555555556 0.38166666666666665 0.04 0.03
0 0.4666666666666667 0.4166666666666667 0.04 0.02
0 0.4922222222222222 0.34833333333333333 0.028888888888888888 0.023333333333333334
0 0.5266666666666666 0.16833333333333333 0.035555555555555556 0.023333333333333334
