0 0.3574108818011257 0.5283333333333333 0.06941838649155722 0.043333333333333335
0 0.12382739212007504 0.8216666666666667 0.15384615384615385 0.17666666666666667
0 0.2045028142589118 0.8916666666666667 0.0825515947467167 0.10333333333333333
0 0.33114446529080677 0.7316666666666667 0.09193245778611632 0.09
0 0.42964352720450283 0.7483333333333333 0.09380863039399624 0.08333333333333333
0 0.5675422138836773 0.7683333333333333 0.07692307692307693 0.06333333333333334
0 0.4878048780487805 0.88 0.0900562851782364 0.1
0 0.34709193245778613 0.8983333333333333 0.0975609756097561 0.11
0 0.40337711069418386 0.975 0.1275797373358349 0.05
0 0.6360225140712945 0.9516666666666667 0.1275797373358349 0.08333333333333333
0 0.4606003752345216 0.5733333333333334 0.043151969981238276 0.04
0 0.4230769230769231 0.5466666666666666 0.03564727954971857 0.02
0 0.5290806754221389 0.5233333333333333 0.15384615384615385 0.13333333333333333
0 0.773921200750469 0.71 0.324577861163227 0.23333333333333334
0 0.9352720450281425 0.91 0.1294559099437148 0.18
