0 0.6716666666666666 0.615 0.2633333333333333 0.19666666666666666
0 0.3283333333333333 0.855 0.43666666666666665 0.27666666666666667
0 0.805 0.94 0.33 0.12
0 0.9216666666666666 0.7483333333333333 0.15666666666666668 0.13666666666666666
0 0.345 0.4583333333333333 0.39 0.16333333333333333
0 0.69 0.38666666666666666 0.15333333333333332 0.06666666666666667
0 0.88 0.44 0.14 0.1
0 0.975 0.5166666666666667 0.05 0.06
0 0.63 0.18666666666666668 0.15333333333333332 0.05333333333333334
0 0.485 0.2816666666666667 0.19 0.06333333333333334
0 0.405 0.22166666666666668 0.08333333333333333 0.03666666666666667
0 0.22 0.23166666666666666 0.19333333333333333 0.07
0 0.6966666666666667 0.12833333333333333 0.1 0.03666666666666667
0 0.59 0.11 0.13333333333333333 0.04
0 0.3433333333333333 0.16 0.24666666666666667 0.06666666666666667
0 0.7533333333333333 0.07166666666666667 0.18 0.07
0 0.5716666666666667 0.3466666666666667 0.13666666666666666 0.05333333333333334
0 0.6916666666666667 0.285 0.06333333333333334 0.03666666666666667
0 0.045 0.7133333333333334 0.08333333333333333 0.10666666666666667
