0 0.6434426229508197 0.815 0.25956284153005466 0.20333333333333334
0 0.6557377049180327 0.495 0.20765027322404372 0.09
0 0.7568306010928961 0.39166666666666666 0.18032786885245902 0.05
0 0.7691256830601093 0.31666666666666665 0.12295081967213115 0.04
0 0.6926229508196722 0.2866666666666667 0.10655737704918032 0.03333333333333333
0 0.6461748633879781 0.26 0.09562841530054644 0.02666666666666667
0 0.7131147540983607 0.22 0.06557377049180328 0.02666666666666667
0 0.4412568306010929 0.41333333333333333 0.12295081967213115 0.04666666666666667
0 0.4453551912568306 0.37 0.08743169398907104 0.04
0 0.5396174863387978 0.31833333333333336 0.07377049180327869 0.03
0 0.38934426229508196 0.33 0.09016393442622951 0.03333333333333333
0 0.337431693989071 0.37166666666666665 0.06284153005464481 0.03
0 0.0778688524590164 0.7566666666666667 0.12295081967213115 0.1
