0 0.38222222222222224 0.825 0.13777777777777778 0.09666666666666666
0 0.48777777777777775 0.7583333333333333 0.08222222222222222 0.056666666666666664
0 0.26 0.6133333333333333 0.13333333333333333 0.08
0 0.43666666666666665 0.5933333333333334 0.06888888888888889 0.04666666666666667
0 0.5644444444444444 0.6 0.08 0.03333333333333333
0 0.6933333333333334 0.5933333333333334 0.04888888888888889 0.03333333333333333
0 0.5722222222222222 0.5766666666666667 0.11777777777777777 0.02666666666666667
0 0.4311111111111111 0.49666666666666665 0.08444444444444445 0.04666666666666667
0 0.19111111111111112 0.4816666666666667 0.035555555555555556 0.023333333333333334
0 0.3055555555555556 0.5033333333333333 0.06444444444444444 0.04
0 0.35777777777777775 0.445 0.03111111111111111 0.023333333333333334
0 0.8088888888888889 0.77 0.19555555555555557 0.1
