0 0.42375 0.72 0.2225 0.10666666666666667
0 0.6575 0.85 0.13 0.12
0 0.5775 0.6416666666666667 0.115 0.06333333333333334
0 0.54625 0.5716666666666667 0.0925 0.05
0 0.4325 0.6116666666666667 0.095 0.05
0 0.42 0.51 0.085 0.03333333333333333
0 0.61875 0.48333333333333334 0.1625 0.04
0 0.72625 0.52 0.0975 0.04
0 0.52875 0.43666666666666665 0.0875 0.02666666666666667
0 0.08 0.66 0.155 0.08666666666666667
0 0.1325 0.585 0.1 0.043333333333333335
0 0.18125 0.5416666666666666 0.1125 0.05
0 0.24625 0.4716666666666667 0.0675 0.023333333333333334
0 0.3125 0.43833333333333335 0.07 0.023333333333333334
0 0.26875 0.3983333333333333 0.1075 0.03
0 0.39875 0.35333333333333333 0.1025 0.02666666666666667
0 0.3575 0.37666666666666665 0.065 0.02
0 0.51375 0.39 0.0575 0.02
