0 0.5628517823639775 0.18666666666666668 0.23639774859287055 0.14
0 0.22889305816135083 0.055 0.1801125703564728 0.07666666666666666
0 0.2354596622889306 0.185 0.23827392120075047 0.14333333333333334
0 0.4324577861163227 0.3516666666666667 0.17448405253283303 0.13666666666666666
0 0.6538461538461539 0.4766666666666667 0.20075046904315197 0.13333333333333333
0 0.8123827392120075 0.8183333333333334 0.30393996247654786 0.2833333333333333
0 0.350844277673546 0.6566666666666666 0.3827392120075047 0.3
0 0.7607879924953096 0.14166666666666666 0.14821763602251406 0.08333333333333333
0 0.9118198874296435 0.23333333333333334 0.17636022514071295 0.11333333333333333
0 0.6829268292682927 0.03333333333333333 0.1651031894934334 0.06
