0 0.40417690417690416 0.56 0.29238329238329236 0.10666666666666667
0 0.3022113022113022 0.45666666666666667 0.14250614250614252 0.1
0 0.14004914004914004 0.5066666666666667 0.09828009828009827 0.04
0 0.2113022113022113 0.65 0.26044226044226043 0.16666666666666666
0 0.4262899262899263 0.7883333333333333 0.48402948402948404 0.11666666666666667
0 0.8034398034398035 0.7183333333333334 0.3931203931203931 0.24333333333333335
0 0.8476658476658476 0.9466666666666667 0.09828009828009827 0.10666666666666667
0 0.9299754299754299 0.49666666666666665 0.11056511056511056 0.03333333333333333
0 0.8255528255528255 0.57 0.1769041769041769 0.11333333333333333
0 0.7407862407862408 0.48833333333333334 0.21867321867321868 0.05
