0 0.052083333333333336 0.04027777777777778 0.04027777777777778 0.013888888888888888
0 0.025694444444444443 0.07916666666666666 0.04861111111111111 0.030555555555555555
0 0.11388888888888889 0.058333333333333334 0.075 0.03333333333333333
0 0.13958333333333334 0.007638888888888889 0.04583333333333333 0.0125
0 0.09930555555555555 0.025694444444444443 0.0375 0.015277777777777777
0 0.07291666666666667 0.007638888888888889 0.04861111111111111 0.0125
0 0.03125 0.003472222222222222 0.03194444444444444 0.004166666666666667
0 0.011805555555555555 0.011111111111111112 0.020833333333333332 0.013888888888888888
0 0.48194444444444445 0.40069444444444446 0.13055555555555556 0.09305555555555556
0 0.7555555555555555 0.21458333333333332 0.03888888888888889 0.02638888888888889
0 0.53125 0.8180555555555555 0.05694444444444444 0.04722222222222222
