0 0.346483704974271 0.5466666666666666 0.10634648370497427 0.09333333333333334
0 0.36792452830188677 0.44666666666666666 0.07718696397941681 0.06666666666666667
0 0.47855917667238423 0.49333333333333335 0.0686106346483705 0.05333333333333334
0 0.5840480274442539 0.5166666666666667 0.07032590051457976 0.05333333333333334
0 0.5900514579759862 0.385 0.0686106346483705 0.06333333333333334
0 0.7178387650085764 0.3933333333333333 0.0634648370497427 0.07333333333333333
0 0.48284734133790735 0.675 0.15608919382504288 0.14333333333333334
0 0.5180102915951973 0.8466666666666667 0.10634648370497427 0.14
0 0.9030874785591767 0.12833333333333333 0.16295025728987994 0.09666666666666666
0 0.5094339622641509 0.19833333333333333 0.1097770154373928 0.056666666666666664
0 0.34991423670668953 0.28833333333333333 0.0686106346483705 0.043333333333333335
0 0.27101200686106347 0.21666666666666667 0.06518010291595197 0.05333333333333334
0 0.21526586620926244 0.27 0.05660377358490566 0.05333333333333334
0 0.1346483704974271 0.305 0.09777015437392796 0.06333333333333334
0 0.23499142367066894 0.38666666666666666 0.09605488850771869 0.08
0 0.346483704974271 0.335 0.0548885077186964 0.043333333333333335
0 0.7512864493996569 0.24833333333333332 0.058319039451114926 0.043333333333333335
