0 0.5730593607305936 0.19333333333333333 0.0776255707762557 0.04
0 0.5308219178082192 0.12666666666666668 0.06621004566210045 0.04
0 0.591324200913242 0.445 0.0867579908675799 0.09
0 0.730593607305936 0.39166666666666666 0.1095890410958904 0.09
0 0.8264840182648402 0.7416666666666667 0.0867579908675799 0.09666666666666666
0 0.4794520547945205 0.615 0.1004566210045662 0.08333333333333333
0 0.3287671232876712 0.335 0.0410958904109589 0.03666666666666667
0 0.2979452054794521 0.30333333333333334 0.03881278538812785 0.04
0 0.2454337899543379 0.43 0.08447488584474885 0.07333333333333333
0 0.23515981735159816 0.57 0.0958904109589041 0.11333333333333333
