0 0.5656108597285068 0.8116666666666666 0.22171945701357465 0.18333333333333332
0 0.5633484162895928 0.5033333333333333 0.18099547511312217 0.09333333333333334
0 0.6425339366515838 0.405 0.14479638009049775 0.06333333333333334
0 0.6527149321266968 0.3333333333333333 0.10180995475113122 0.04
0 0.5429864253393665 0.375 0.12669683257918551 0.056666666666666664
0 0.39819004524886875 0.42833333333333334 0.09954751131221719 0.043333333333333335
0 0.39592760180995473 0.3883333333333333 0.08144796380090498 0.03666666666666667
0 0.46945701357466063 0.335 0.05203619909502263 0.023333333333333334
0 0.5893665158371041 0.30333333333333334 0.0746606334841629 0.02666666666666667
0 0.5554298642533937 0.28 0.07918552036199095 0.02666666666666667
0 0.1085972850678733 0.7583333333333333 0.09954751131221719 0.09
0 0.6085972850678733 0.24166666666666667 0.05429864253393665 0.023333333333333334
0 0.35407239819004527 0.35 0.07918552036199095 0.03333333333333333
