0 0.2833333333333333 0.6466666666666666 0.4125 0.26666666666666666
0 0.2552083333333333 0.42 0.07708333333333334 0.04
0 0.13645833333333332 0.9016666666666666 0.12708333333333333 0.19666666666666666
0 0.6416666666666667 0.7183333333333334 0.14166666666666666 0.14333333333333334
0 0.6947916666666667 0.875 0.08541666666666667 0.13666666666666666
0 0.8125 0.8283333333333334 0.12083333333333333 0.14333333333333334
0 0.8291666666666667 0.6666666666666666 0.1625 0.12
0 0.8802083333333334 0.5583333333333333 0.23541666666666666 0.14333333333333334
0 0.7135416666666666 0.46 0.08541666666666667 0.08
0 0.771875 0.40166666666666667 0.13125 0.07
0 0.6020833333333333 0.5433333333333333 0.14583333333333334 0.14666666666666667
0 0.48125 0.425 0.07083333333333333 0.07
0 0.95 0.7966666666666666 0.1 0.13333333333333333
0 0.4947916666666667 0.735 0.06458333333333334 0.11
