0 0.05909943714821764 0.4583333333333333 0.11069418386491557 0.07
0 0.36866791744840527 0.44166666666666665 0.05065666041275797 0.043333333333333335
0 0.5769230769230769 0.25 0.08442776735459662 0.06
0 0.6697936210131332 0.31333333333333335 0.0900562851782364 0.03333333333333333
0 0.6285178236397748 0.37166666666666665 0.0525328330206379 0.03
0 0.5300187617260788 0.30666666666666664 0.05065666041275797 0.03333333333333333
0 0.4971857410881801 0.5733333333333334 0.08630393996247655 0.06666666666666667
0 0.4080675422138837 0.6616666666666666 0.15947467166979362 0.11
0 0.624765478424015 0.5333333333333333 0.0450281425891182 0.03333333333333333
0 0.6801125703564728 0.665 0.20075046904315197 0.09
0 0.701688555347092 0.8533333333333334 0.17636022514071295 0.18666666666666668
0 0.7514071294559099 0.5433333333333333 0.12195121951219512 0.1
